Samples	Bubblesort	Shakersort	Quicksort	Selectionsort	
100	0.032000	0.001500	0.010400	0.014600	
200	0.118800	0.004400	0.026100	0.069500	
500	0.780900	0.008100	0.056100	0.262000	
1000	1.456500	0.010600	0.081200	0.659000	
2000	4.411700	0.018600	0.154900	2.714800	
5000	34.766300	0.047600	0.451500	23.776800	
7000	57.311800	0.067100	0.621900	36.726400	
10000	131.259100	0.126700	1.196700	75.911000	
20000	473.893900	0.192600	2.444000	289.643900	
30000	1098.199600	0.286100	3.907400	638.905600	
40000	1904.877400	0.376100	4.428600	1114.681300	
50000	2948.374400	0.475200	4.956400	1757.100000	
60000	4251.634700	0.582800	6.086800	2487.018200	
70000	5763.382200	0.661900	7.795600	3504.097600	
