Samples	Bubblesort	Shakersort	Quicksort	Selectionsort	
100	0.047200	0.038300	0.017500	0.020600	
200	0.161500	0.131700	0.043800	0.064400	
500	1.126100	0.607300	0.107500	0.265800	
1000	3.049600	1.713900	0.160600	0.558300	
2000	8.370200	5.960200	0.300600	1.826200	
5000	54.265300	40.716200	1.175800	11.231600	
7000	118.605200	78.318500	1.250500	28.428800	
10000	281.199700	171.540600	2.319900	57.123300	
20000	1305.984100	785.846200	4.113600	182.412100	
30000	3041.116600	1875.896900	6.352500	389.550100	
40000	5689.279200	3497.503000	9.581100	693.570300	
50000	8830.000100	5607.307100	10.703600	1062.322700	
60000	12802.192400	8018.811600	13.452100	1531.627200	
70000	17547.847900	10932.255500	15.358700	2068.818600	
