Samples	Bubblesort	Shakersort	Quicksort	Selectionsort	
100	0.041500	0.002600	0.016900	0.024100	
200	0.172400	0.004900	0.029000	0.053200	
500	0.556400	0.009900	0.069100	0.346000	
1000	2.234800	0.018000	0.156600	1.218800	
2000	7.553300	0.030100	0.247400	4.784800	
5000	33.447900	0.066600	0.674000	16.764800	
7000	65.795600	0.066900	0.714400	42.354500	
10000	129.626400	0.095800	0.849200	69.347200	
20000	492.239900	0.195900	1.796800	283.832400	
30000	881.869200	0.228300	2.309800	504.341400	
40000	1540.572100	0.315800	3.453000	899.612700	
50000	2442.721500	0.423100	4.481600	1427.588200	
60000	3452.453300	0.457600	5.627400	2023.752100	
70000	4846.494500	0.602800	6.929800	2991.018000	
