Samples	Bubblesort	Shakersort	Quicksort	Selectionsort	
100	0.073600	0.041000	0.028100	0.026800	
200	0.308800	0.167200	0.053500	0.074700	
500	1.000400	0.703900	0.133700	0.310300	
1000	3.974700	2.883200	0.294600	1.036800	
2000	15.824200	10.726700	0.482200	3.790400	
5000	65.252800	47.033900	1.347400	16.049700	
7000	123.306800	80.508100	1.360900	33.114200	
10000	258.566800	182.025800	1.810400	47.746600	
20000	1282.309300	733.279800	3.803100	179.356500	
30000	2658.880600	1496.634100	5.065100	308.363700	
40000	4477.402800	2762.507000	6.838300	549.647500	
50000	7041.616100	4465.682900	8.605000	864.123100	
60000	10320.284800	6499.415300	10.306200	1236.291200	
70000	14194.903700	9120.092900	14.217300	1803.157400	
