0	0.000000
8	0.444444
16	0.827586
24	1.161290
32	1.454545
40	1.714286
48	1.945946
56	2.153846
64	2.341463
72	2.500000
80	2.500000
88	2.500000
96	2.500000
104	2.500000
112	2.500000
120	2.500000
128	2.500000
136	2.500000
144	2.500000
152	2.500000
160	2.500000
168	2.500000
176	2.500000
184	2.500000
192	2.500000
200	2.500000
208	2.500000
216	2.500000
224	2.500000
231	2.500000
240	2.500000
248	2.500000
256	2.500000
264	2.500000
272	2.500000
280	2.500000
288	2.500000
296	2.500000
304	2.500000
312	2.500000
320	2.500000
328	2.500000
336	2.500000
344	2.500000
352	2.500000
360	2.500000
368	2.500000
376	2.500000
384	2.500000
392	2.500000
400	2.500000
408	2.500000
416	2.500000
424	2.500000
432	2.500000
440	2.500000
448	2.500000
455	2.500000
463	2.500000
472	2.500000
480	2.500000
488	2.500000
496	2.500000
504	2.500000
512	2.500000
520	2.500000
528	2.500000
536	2.500000
544	2.500000
552	2.500000
560	2.500000
568	2.500000
576	2.500000
584	2.500000
592	2.500000
600	2.500000
608	2.500000
616	2.500000
624	2.500000
632	2.500000
640	2.500000
648	2.500000
656	2.500000
664	2.500000
672	2.500000
680	2.500000
688	2.500000
696	2.500000
704	2.500000
712	2.500000
720	2.500000
728	2.500000
736	2.500000
744	2.500000
752	2.500000
760	2.500000
768	2.500000
776	2.500000
784	2.500000
792	2.500000
800	2.500000
808	2.500000
816	2.500000
824	2.500000
832	2.500000
840	2.500000
848	2.500000
856	2.500000
864	2.500000
872	2.500000
880	2.500000
888	2.500000
896	2.500000
903	2.500000
911	2.500000
919	2.500000
927	2.500000
936	2.500000
944	2.500000
952	2.500000
960	2.500000
968	2.500000
976	2.500000
984	2.500000
992	2.500000
1000	2.500000
1008	2.500000
1016	2.500000
1024	2.500000
1032	2.500000
1040	2.500000
1048	2.500000
1056	2.500000
1064	2.500000
1072	2.500000
1080	2.500000
1088	2.500000
1096	2.500000
1104	2.500000
1112	2.500000
1120	2.500000
1128	2.500000
1136	2.500000
1144	2.500000
1152	2.500000
1160	2.500000
1168	2.500000
1176	2.500000
1184	2.500000
1192	2.500000
1200	2.500000
1208	2.500000
1216	2.500000
1224	2.500000
1232	2.500000
1240	2.500000
1248	2.500000
1256	2.500000
1264	2.500000
1272	2.500000
1280	2.500000
1288	2.500000
1296	2.500000
1304	2.500000
1312	2.500000
1320	2.500000
1328	2.500000
1336	2.500000
1344	2.500000
1352	2.500000
1360	2.500000
1368	2.500000
1376	2.500000
1384	2.500000
1392	2.500000
1400	2.500000
1408	2.500000
1416	2.500000
1424	2.500000
1432	2.500000
1440	2.500000
1448	2.500000
1456	2.500000
1464	2.500000
1472	2.500000
1480	2.500000
1488	2.500000
1496	2.500000
1504	2.500000
1512	2.500000
1520	2.500000
1528	2.500000
1536	2.500000
1544	2.500000
1552	2.500000
1560	2.500000
1568	2.500000
1576	2.500000
1584	2.500000
1592	2.500000
1600	2.500000
1607	2.500000
1616	2.500000
1623	2.500000
1632	2.500000
1639	2.500000
1648	2.500000
1655	2.500000
1664	2.500000
1672	2.500000
1680	2.500000
1688	2.500000
1696	2.500000
1704	2.500000
1712	2.500000
1720	2.500000
1728	2.500000
1736	2.500000
1744	2.500000
1752	2.500000
1760	2.500000
1768	2.500000
1776	2.500000
1784	2.500000
1792	2.500000
1800	2.500000
1807	2.500000
1816	2.500000
1823	2.500000
1832	2.500000
1839	2.500000
1848	2.500000
1855	2.500000
1864	2.500000
1872	2.500000
1880	2.500000
1888	2.500000
1896	2.500000
1904	2.500000
1912	2.500000
1920	2.500000
1928	2.500000
1936	2.500000
1944	2.500000
1952	2.500000
1960	2.500000
1968	2.500000
1976	2.500000
1984	2.500000
1992	2.500000
2000	2.500000
2007	2.500000
2016	2.500000
2023	2.500000
2032	2.500000
2039	2.500000
2048	2.500000
2056	2.500000
2064	2.500000
2072	2.500000
2080	2.500000
2088	2.500000
2096	2.500000
2104	2.500000
2112	2.500000
2120	2.500000
2128	2.500000
2136	2.500000
2144	2.500000
2152	2.500000
2160	2.500000
2168	2.500000
2176	2.500000
2184	2.500000
2192	2.500000
2200	2.500000
2208	2.500000
2216	2.500000
2224	2.500000
2232	2.500000
2240	2.500000
2248	2.500000
2256	2.500000
2264	2.500000
2272	2.500000
2280	2.500000
2288	2.500000
2296	2.500000
2304	2.500000
2312	2.500000
2320	2.500000
2328	2.500000
2336	2.500000
2344	2.500000
2352	2.500000
2360	2.500000
2368	2.500000
2376	2.500000
2384	2.500000
2392	2.500000
2400	2.500000
2408	2.500000
2416	2.500000
2424	2.500000
2432	2.500000
2440	2.500000
2448	2.500000
2456	2.500000
2464	2.500000
2472	2.500000
2480	2.500000
2488	2.500000
2496	2.500000
2504	2.500000
2512	2.500000
2520	2.500000
2528	2.500000
2536	2.500000
2544	2.500000
2552	2.500000
2560	2.500000
2568	2.500000
2576	2.500000
2584	2.500000
2592	2.500000
2600	2.500000
2608	2.500000
2616	2.500000
2624	2.500000
2632	2.500000
2640	2.500000
2648	2.500000
2656	2.500000
2664	2.500000
2672	2.500000
2680	2.500000
2688	2.500000
2696	2.500000
2704	2.500000
2712	2.500000
2720	2.500000
2728	2.500000
2736	2.500000
2744	2.500000
2752	2.500000
2760	2.500000
2768	2.500000
2776	2.500000
2784	2.500000
2792	2.500000
2800	2.500000
2808	2.500000
2816	2.500000
2824	2.500000
2832	2.500000
2840	2.500000
2848	2.500000
2856	2.500000
2864	2.500000
2872	2.500000
2880	2.500000
2888	2.500000
2896	2.500000
2904	2.500000
2912	2.500000
2920	2.500000
2928	2.500000
2936	2.500000
2944	2.500000
2952	2.500000
2960	2.500000
2968	2.500000
2976	2.500000
2984	2.500000
2992	2.500000
3000	2.500000
3008	2.500000
3016	2.500000
3024	2.500000
3032	2.500000
3040	2.500000
3048	2.500000
3056	2.500000
3064	2.500000
3072	2.500000
3080	2.500000
3088	2.500000
3096	2.500000
3104	2.500000
3112	2.500000
3120	2.500000
3128	2.500000
3136	2.500000
3144	2.500000
3152	2.500000
3160	2.500000
3168	2.500000
3176	2.500000
3184	2.500000
3192	2.500000
3200	2.500000
3208	2.500000
3215	2.500000
3224	2.500000
3232	2.500000
3240	2.500000
3247	2.500000
3256	2.500000
3264	2.500000
3272	2.500000
3279	2.500000
3288	2.500000
3296	2.500000
3304	2.500000
3311	2.500000
3320	2.500000
3328	2.500000
3336	2.500000
3344	2.500000
3352	2.500000
3360	2.500000
3368	2.500000
3376	2.500000
3384	2.500000
3392	2.500000
3400	2.500000
3408	2.500000
3415	2.500000
3424	2.500000
3432	2.500000
3440	2.500000
3447	2.500000
3456	2.500000
3464	2.500000
3472	2.500000
3479	2.500000
3488	2.500000
3496	2.500000
3504	2.500000
3511	2.500000
3520	2.500000
3528	2.500000
3536	2.500000
3544	2.500000
3552	2.500000
3560	2.500000
3568	2.500000
3576	2.500000
3584	2.500000
3592	2.500000
3600	2.500000
3608	2.500000
3615	2.500000
3624	2.500000
3632	2.500000
3640	2.500000
3647	2.500000
3656	2.500000
3664	2.500000
3672	2.500000
3679	2.500000
3688	2.500000
3696	2.500000
3704	2.500000
3711	2.500000
3720	2.500000
3728	2.500000
3736	2.500000
3744	2.500000
3752	2.500000
3760	2.500000
3768	2.500000
3776	2.500000
3784	2.500000
3792	2.500000
3800	2.500000
3808	2.500000
3815	2.500000
3824	2.500000
3832	2.500000
3840	2.500000
3847	2.500000
3856	2.500000
3864	2.500000
3872	2.500000
3879	2.500000
3888	2.500000
3896	2.500000
3904	2.500000
3911	2.500000
3920	2.500000
3928	2.500000
3936	2.500000
3944	2.500000
3952	2.500000
3960	2.500000
3968	2.500000
3976	2.500000
3984	2.500000
3992	2.500000
4000	2.500000
