0	0.000000
8	0.444444
16	0.827586
24	1.161290
32	1.454545
40	1.714286
48	1.945946
56	2.153846
64	2.341463
72	2.511628
80	2.666667
88	2.808511
96	2.938776
104	3.058823
112	3.169811
120	3.272727
128	3.368422
136	3.457627
144	3.540983
152	3.619048
160	3.692307
168	3.761194
176	3.826087
184	3.887324
192	3.945206
200	4.000000
208	4.051948
216	4.101266
224	4.148148
231	4.187311
240	4.235294
248	4.275862
256	4.314607
264	4.351648
272	4.387096
280	4.421052
288	4.453608
296	4.484848
304	4.514852
312	4.543689
320	4.571429
328	4.598131
336	4.623853
344	4.648649
352	4.672566
360	4.695652
368	4.717949
376	4.739496
384	4.760331
392	4.780488
400	4.800000
408	4.818898
416	4.837210
424	4.854962
432	4.872180
440	4.888889
448	4.905109
455	4.918919
463	4.934281
472	4.951049
480	4.965518
488	4.979591
496	4.993288
504	5.006623
512	5.019608
520	5.032258
528	5.044586
536	5.056604
544	5.068323
552	5.079754
560	5.090909
568	5.101796
576	5.112426
584	5.122807
592	5.132948
600	5.142857
608	5.152543
616	5.162011
624	5.171271
632	5.180327
640	5.189189
648	5.197861
656	5.206349
664	5.214660
672	5.222798
680	5.230769
688	5.238579
696	5.246231
704	5.253732
712	5.261084
720	5.268293
728	5.275362
736	5.282297
744	5.289100
752	5.295774
760	5.302326
768	5.308756
776	5.315068
784	5.321267
792	5.327354
800	5.333333
808	5.339208
816	5.344978
824	5.350649
832	5.356223
840	5.361702
848	5.367089
856	5.372385
864	5.377594
872	5.382716
880	5.387755
888	5.392713
896	5.397590
903	5.401794
911	5.406528
919	5.411188
927	5.415774
936	5.420849
944	5.425287
952	5.429657
960	5.433962
968	5.438202
976	5.442379
984	5.446494
992	5.450550
1000	5.454545
1008	5.458484
1016	5.462366
1024	5.466192
1032	5.469965
1040	5.473684
1048	5.477352
1056	5.480969
1064	5.484536
1072	5.488054
1080	5.491526
1088	5.494949
1096	5.498328
1104	5.501661
1112	5.504950
1120	5.508197
1128	5.511401
1136	5.514563
1144	5.517685
1152	5.520767
1160	5.523809
1168	5.526814
1176	5.529780
1184	5.532710
1192	5.535604
1200	5.538461
1208	5.541285
1216	5.544074
1224	5.546828
1232	5.549550
1240	5.552239
1248	5.554896
1256	5.557522
1264	5.560117
1272	5.562682
1280	5.565218
1288	5.567723
1296	5.570201
1304	5.572650
1312	5.575070
1320	5.577465
1328	5.579832
1336	5.582173
1344	5.584487
1352	5.586777
1360	5.589041
1368	5.591280
1376	5.593496
1384	5.595687
1392	5.597855
1400	5.600000
1408	5.602122
1416	5.604222
1424	5.606299
1432	5.608356
1440	5.610390
1448	5.612403
1456	5.614396
1464	5.616368
1472	5.618321
1480	5.620253
1488	5.622166
1496	5.624060
1504	5.625935
1512	5.627791
1520	5.629630
1528	5.631450
1536	5.633252
1544	5.635037
1552	5.636804
1560	5.638555
1568	5.640288
1576	5.642005
1584	5.643705
1592	5.645390
1600	5.647059
1607	5.648506
1616	5.650350
1623	5.651770
1632	5.653580
1639	5.654974
1648	5.656751
1655	5.658120
1664	5.659864
1672	5.661399
1680	5.662921
1688	5.664430
1696	5.665925
1704	5.667406
1712	5.668874
1720	5.670330
1728	5.671772
1736	5.673203
1744	5.674620
1752	5.676026
1760	5.677419
1768	5.678801
1776	5.680171
1784	5.681529
1792	5.682875
1800	5.684211
1807	5.685369
1816	5.686848
1823	5.687987
1832	5.689441
1839	5.690562
1848	5.691992
1855	5.693094
1864	5.694501
1872	5.695740
1880	5.696970
1888	5.698189
1896	5.699399
1904	5.700599
1912	5.701789
1920	5.702971
1928	5.704142
1936	5.705305
1944	5.706458
1952	5.707602
1960	5.708738
1968	5.709865
1976	5.710983
1984	5.712092
1992	5.713193
2000	5.714286
2007	5.715235
2016	5.716446
2023	5.717381
2032	5.718574
2039	5.719495
2048	5.720670
2056	5.721707
2064	5.722736
2072	5.723757
2080	5.724771
2088	5.725777
2096	5.726776
2104	5.727767
2112	5.728752
2120	5.729730
2128	5.730700
2136	5.731664
2144	5.732620
2152	5.733570
2160	5.734513
2168	5.735450
2176	5.736380
2184	5.737303
2192	5.738220
2200	5.739130
2208	5.740035
2216	5.740932
2224	5.741825
2232	5.742710
2240	5.743589
2248	5.744463
2256	5.745331
2264	5.746193
2272	5.747049
2280	5.747899
2288	5.748744
2296	5.749583
2304	5.750416
2312	5.751244
2320	5.752066
2328	5.752883
2336	5.753695
2344	5.754501
2352	5.755301
2360	5.756097
2368	5.756888
2376	5.757673
2384	5.758454
2392	5.759230
2400	5.760000
2408	5.760766
2416	5.761526
2424	5.762282
2432	5.763033
2440	5.763779
2448	5.764521
2456	5.765258
2464	5.765990
2472	5.766719
2480	5.767442
2488	5.768161
2496	5.768875
2504	5.769586
2512	5.770291
2520	5.770992
2528	5.771689
2536	5.772382
2544	5.773071
2552	5.773756
2560	5.774436
2568	5.775113
2576	5.775785
2584	5.776453
2592	5.777118
2600	5.777778
2608	5.778434
2616	5.779087
2624	5.779736
2632	5.780381
2640	5.781022
2648	5.781659
2656	5.782293
2664	5.782924
2672	5.783550
2680	5.784173
2688	5.784792
2696	5.785408
2704	5.786020
2712	5.786629
2720	5.787234
2728	5.787836
2736	5.788434
2744	5.789030
2752	5.789621
2760	5.790210
2768	5.790795
2776	5.791377
2784	5.791956
2792	5.792531
2800	5.793103
2808	5.793673
2816	5.794239
2824	5.794802
2832	5.795362
2840	5.795918
2848	5.796472
2856	5.797023
2864	5.797571
2872	5.798116
2880	5.798657
2888	5.799197
2896	5.799733
2904	5.800266
2912	5.800797
2920	5.801324
2928	5.801849
2936	5.802372
2944	5.802891
2952	5.803408
2960	5.803922
2968	5.804433
2976	5.804942
2984	5.805447
2992	5.805951
3000	5.806451
3008	5.806950
3016	5.807446
3024	5.807939
3032	5.808429
3040	5.808917
3048	5.809402
3056	5.809886
3064	5.810367
3072	5.810845
3080	5.811320
3088	5.811794
3096	5.812265
3104	5.812734
3112	5.813200
3120	5.813665
3128	5.814126
3136	5.814587
3144	5.815043
3152	5.815497
3160	5.815951
3168	5.816401
3176	5.816850
3184	5.817296
3192	5.817740
3200	5.818182
3208	5.818622
3215	5.819004
3224	5.819495
3232	5.819928
3240	5.820359
3247	5.820735
3256	5.821216
3264	5.821641
3272	5.822064
3279	5.822433
3288	5.822904
3296	5.823321
3304	5.823737
3311	5.824099
3320	5.824562
3328	5.824971
3336	5.825378
3344	5.825784
3352	5.826188
3360	5.826590
3368	5.826989
3376	5.827388
3384	5.827784
3392	5.828179
3400	5.828571
3408	5.828963
3415	5.829303
3424	5.829739
3432	5.830125
3440	5.830508
3447	5.830843
3456	5.831271
3464	5.831650
3472	5.832027
3479	5.832355
3488	5.832776
3496	5.833148
3504	5.833519
3511	5.833841
3520	5.834254
3528	5.834620
3536	5.834984
3544	5.835346
3552	5.835707
3560	5.836066
3568	5.836423
3576	5.836779
3584	5.837133
3592	5.837486
3600	5.837838
3608	5.838188
3615	5.838493
3624	5.838883
3632	5.839229
3640	5.839572
3647	5.839872
3656	5.840256
3664	5.840595
3672	5.840933
3679	5.841228
3688	5.841605
3696	5.841939
3704	5.842271
3711	5.842561
3720	5.842932
3728	5.843260
3736	5.843587
3744	5.843913
3752	5.844236
3760	5.844560
3768	5.844881
3776	5.845201
3784	5.845520
3792	5.845838
3800	5.846154
3808	5.846469
3815	5.846743
3824	5.847095
3832	5.847406
3840	5.847716
3847	5.847986
3856	5.848331
3864	5.848638
3872	5.848943
3879	5.849209
3888	5.849549
3896	5.849850
3904	5.850150
3911	5.850411
3920	5.850746
3928	5.851043
3936	5.851338
3944	5.851632
3952	5.851925
3960	5.852217
3968	5.852508
3976	5.852797
3984	5.853086
3992	5.853372
4000	5.853659
