0	0.000000
8	0.444444
16	0.827586
24	1.161290
32	1.454545
40	1.714286
48	1.945946
56	2.153846
64	2.341463
72	2.511628
80	2.666667
88	2.808511
96	2.938776
104	3.058823
112	3.169811
120	3.272727
128	3.368422
136	3.457627
144	3.540983
152	3.619048
160	3.692307
168	3.761194
176	3.826087
184	3.887324
192	3.945206
200	4.000000
208	4.051948
216	4.101266
224	4.148148
231	4.187311
240	4.235294
248	4.275862
256	4.314607
264	4.351648
272	4.387096
280	4.421052
288	4.453608
296	4.484848
304	4.514852
312	4.543689
320	4.571429
328	4.598131
336	4.623853
344	4.648649
352	4.672566
360	4.695652
368	4.700000
376	4.700000
384	4.700000
392	4.700000
400	4.700000
408	4.700000
416	4.700000
424	4.700000
432	4.700000
440	4.700000
448	4.700000
455	4.700000
463	4.700000
472	4.700000
480	4.700000
488	4.700000
496	4.700000
504	4.700000
512	4.700000
520	4.700000
528	4.700000
536	4.700000
544	4.700000
552	4.700000
560	4.700000
568	4.700000
576	4.700000
584	4.700000
592	4.700000
600	4.700000
608	4.700000
616	4.700000
624	4.700000
632	4.700000
640	4.700000
648	4.700000
656	4.700000
664	4.700000
672	4.700000
680	4.700000
688	4.700000
696	4.700000
704	4.700000
712	4.700000
720	4.700000
728	4.700000
736	4.700000
744	4.700000
752	4.700000
760	4.700000
768	4.700000
776	4.700000
784	4.700000
792	4.700000
800	4.700000
808	4.700000
816	4.700000
824	4.700000
832	4.700000
840	4.700000
848	4.700000
856	4.700000
864	4.700000
872	4.700000
880	4.700000
888	4.700000
896	4.700000
903	4.700000
911	4.700000
919	4.700000
927	4.700000
936	4.700000
944	4.700000
952	4.700000
960	4.700000
968	4.700000
976	4.700000
984	4.700000
992	4.700000
1000	4.700000
1008	4.700000
1016	4.700000
1024	4.700000
1032	4.700000
1040	4.700000
1048	4.700000
1056	4.700000
1064	4.700000
1072	4.700000
1080	4.700000
1088	4.700000
1096	4.700000
1104	4.700000
1112	4.700000
1120	4.700000
1128	4.700000
1136	4.700000
1144	4.700000
1152	4.700000
1160	4.700000
1168	4.700000
1176	4.700000
1184	4.700000
1192	4.700000
1200	4.700000
1208	4.700000
1216	4.700000
1224	4.700000
1232	4.700000
1240	4.700000
1248	4.700000
1256	4.700000
1264	4.700000
1272	4.700000
1280	4.700000
1288	4.700000
1296	4.700000
1304	4.700000
1312	4.700000
1320	4.700000
1328	4.700000
1336	4.700000
1344	4.700000
1352	4.700000
1360	4.700000
1368	4.700000
1376	4.700000
1384	4.700000
1392	4.700000
1400	4.700000
1408	4.700000
1416	4.700000
1424	4.700000
1432	4.700000
1440	4.700000
1448	4.700000
1456	4.700000
1464	4.700000
1472	4.700000
1480	4.700000
1488	4.700000
1496	4.700000
1504	4.700000
1512	4.700000
1520	4.700000
1528	4.700000
1536	4.700000
1544	4.700000
1552	4.700000
1560	4.700000
1568	4.700000
1576	4.700000
1584	4.700000
1592	4.700000
1600	4.700000
1607	4.700000
1616	4.700000
1623	4.700000
1632	4.700000
1639	4.700000
1648	4.700000
1655	4.700000
1664	4.700000
1672	4.700000
1680	4.700000
1688	4.700000
1696	4.700000
1704	4.700000
1712	4.700000
1720	4.700000
1728	4.700000
1736	4.700000
1744	4.700000
1752	4.700000
1760	4.700000
1768	4.700000
1776	4.700000
1784	4.700000
1792	4.700000
1800	4.700000
1807	4.700000
1816	4.700000
1823	4.700000
1832	4.700000
1839	4.700000
1848	4.700000
1855	4.700000
1864	4.700000
1872	4.700000
1880	4.700000
1888	4.700000
1896	4.700000
1904	4.700000
1912	4.700000
1920	4.700000
1928	4.700000
1936	4.700000
1944	4.700000
1952	4.700000
1960	4.700000
1968	4.700000
1976	4.700000
1984	4.700000
1992	4.700000
2000	4.700000
2007	4.700000
2016	4.700000
2023	4.700000
2032	4.700000
2039	4.700000
2048	4.700000
2056	4.700000
2064	4.700000
2072	4.700000
2080	4.700000
2088	4.700000
2096	4.700000
2104	4.700000
2112	4.700000
2120	4.700000
2128	4.700000
2136	4.700000
2144	4.700000
2152	4.700000
2160	4.700000
2168	4.700000
2176	4.700000
2184	4.700000
2192	4.700000
2200	4.700000
2208	4.700000
2216	4.700000
2224	4.700000
2232	4.700000
2240	4.700000
2248	4.700000
2256	4.700000
2264	4.700000
2272	4.700000
2280	4.700000
2288	4.700000
2296	4.700000
2304	4.700000
2312	4.700000
2320	4.700000
2328	4.700000
2336	4.700000
2344	4.700000
2352	4.700000
2360	4.700000
2368	4.700000
2376	4.700000
2384	4.700000
2392	4.700000
2400	4.700000
2408	4.700000
2416	4.700000
2424	4.700000
2432	4.700000
2440	4.700000
2448	4.700000
2456	4.700000
2464	4.700000
2472	4.700000
2480	4.700000
2488	4.700000
2496	4.700000
2504	4.700000
2512	4.700000
2520	4.700000
2528	4.700000
2536	4.700000
2544	4.700000
2552	4.700000
2560	4.700000
2568	4.700000
2576	4.700000
2584	4.700000
2592	4.700000
2600	4.700000
2608	4.700000
2616	4.700000
2624	4.700000
2632	4.700000
2640	4.700000
2648	4.700000
2656	4.700000
2664	4.700000
2672	4.700000
2680	4.700000
2688	4.700000
2696	4.700000
2704	4.700000
2712	4.700000
2720	4.700000
2728	4.700000
2736	4.700000
2744	4.700000
2752	4.700000
2760	4.700000
2768	4.700000
2776	4.700000
2784	4.700000
2792	4.700000
2800	4.700000
2808	4.700000
2816	4.700000
2824	4.700000
2832	4.700000
2840	4.700000
2848	4.700000
2856	4.700000
2864	4.700000
2872	4.700000
2880	4.700000
2888	4.700000
2896	4.700000
2904	4.700000
2912	4.700000
2920	4.700000
2928	4.700000
2936	4.700000
2944	4.700000
2952	4.700000
2960	4.700000
2968	4.700000
2976	4.700000
2984	4.700000
2992	4.700000
3000	4.700000
3008	4.700000
3016	4.700000
3024	4.700000
3032	4.700000
3040	4.700000
3048	4.700000
3056	4.700000
3064	4.700000
3072	4.700000
3080	4.700000
3088	4.700000
3096	4.700000
3104	4.700000
3112	4.700000
3120	4.700000
3128	4.700000
3136	4.700000
3144	4.700000
3152	4.700000
3160	4.700000
3168	4.700000
3176	4.700000
3184	4.700000
3192	4.700000
3200	4.700000
3208	4.700000
3215	4.700000
3224	4.700000
3232	4.700000
3240	4.700000
3247	4.700000
3256	4.700000
3264	4.700000
3272	4.700000
3279	4.700000
3288	4.700000
3296	4.700000
3304	4.700000
3311	4.700000
3320	4.700000
3328	4.700000
3336	4.700000
3344	4.700000
3352	4.700000
3360	4.700000
3368	4.700000
3376	4.700000
3384	4.700000
3392	4.700000
3400	4.700000
3408	4.700000
3415	4.700000
3424	4.700000
3432	4.700000
3440	4.700000
3447	4.700000
3456	4.700000
3464	4.700000
3472	4.700000
3479	4.700000
3488	4.700000
3496	4.700000
3504	4.700000
3511	4.700000
3520	4.700000
3528	4.700000
3536	4.700000
3544	4.700000
3552	4.700000
3560	4.700000
3568	4.700000
3576	4.700000
3584	4.700000
3592	4.700000
3600	4.700000
3608	4.700000
3615	4.700000
3624	4.700000
3632	4.700000
3640	4.700000
3647	4.700000
3656	4.700000
3664	4.700000
3672	4.700000
3679	4.700000
3688	4.700000
3696	4.700000
3704	4.700000
3711	4.700000
3720	4.700000
3728	4.700000
3736	4.700000
3744	4.700000
3752	4.700000
3760	4.700000
3768	4.700000
3776	4.700000
3784	4.700000
3792	4.700000
3800	4.700000
3808	4.700000
3815	4.700000
3824	4.700000
3832	4.700000
3840	4.700000
3847	4.700000
3856	4.700000
3864	4.700000
3872	4.700000
3879	4.700000
3888	4.700000
3896	4.700000
3904	4.700000
3911	4.700000
3920	4.700000
3928	4.700000
3936	4.700000
3944	4.700000
3952	4.700000
3960	4.700000
3968	4.700000
3976	4.700000
3984	4.700000
3992	4.700000
4000	4.700000
